{"head": [[0.995254397392273, 0.08760155737400055, -0.042358666658401496, -0.04685242101550102], [-0.07747161388397217, 0.9767715930938721, 0.19978821277618403, -0.02831256575882435], [0.058876510709524155, -0.19555854797363276, 0.9789230227470398, 0.995189368724823], [0.0, 0.0, 0.0, 1.0]], "left_arm": [[[0.0855063647031784, 0.4477594196796417, -0.8900561928749084, -0.12762798368930817], [0.9956322908401489, -0.004793131723999977, 0.09323760867118835, 0.20195314288139343], [0.03748185932636261, -0.8941412568092346, -0.44621360301971436, 0.6107887029647827], [0.0, 0.0, 0.0, 1.0]], [[0.7564705355725314, -0.546466876235443, -0.35934086459780046, -0.10628404129579305], [0.6488752638610582, 0.6959115709273291, 0.3076810765527619, 0.22088289621776613], [0.08193195045401058, -0.4659191986135225, 0.881025648083301, 0.6101930035262839], [0.0, 0.0, 0.0, 1.0]], [[0.3801085388258274, -0.8321295653117758, -0.4038279486396166, -0.06641735483907246], [0.9187914777990107, 0.2894299133974868, 0.26842453874375927, 0.2550965978337888], [-0.10648416496178292, -0.4730643604236815, 0.8745688237806606, 0.6145056491107228], [0.0, 0.0, 0.0, 1.0]], [[0.3669392952311803, -0.8380198049132309, -0.4038278244996344, -0.05460983756485305], [0.923241009585238, 0.2749054301760697, 0.26842444847249974, 0.28365295469891944], [-0.11393065162040905, -0.47132626000020883, 0.8745685531235237, 0.6111859592599423], [0.0, 0.0, 0.0, 1.0]], [[0.3669392952311803, -0.8380198049132309, -0.4038278244996344, -0.04417550872903431], [0.923241009585238, 0.2749054301760697, 0.26842444847249974, 0.3099176109278225], [-0.11393065162040905, -0.47132626000020883, 0.8745685531235237, 0.6079398756321059], [0.0, 0.0, 0.0, 1.0]], [[0.27445475852004, 0.3965597994997699, -0.8760222427439427, -0.11244365933605605], [0.9587621778028029, -0.042911514255303485, 0.28095158671539033, 0.22242996854050168], [0.07382264908121905, -0.9170055787110492, -0.39198376282426595, 0.6182767286240092], [0.0, 0.0, 0.0, 1.0]], [[0.2496396315203584, 0.389917086348331, -0.8863656664291423, -0.09365124089856092], [0.9678894138491487, -0.07260138168889507, 0.24066256229696883, 0.2881132440432929], [0.02948706800147516, -0.9179832721320893, -0.395520916874615, 0.6233037289565965], [0.0, 0.0, 0.0, 1.0]], [[0.3473872601953487, 0.30606739772217884, -0.8863654530415404, -0.08312525403277217], [0.9104462343101047, -0.3364046313016923, 0.2406624955055915, 0.3289305692835707], [-0.22451864317042958, -0.8905917371039314, -0.3955208221573787, 0.6245436377554363], [0.0, 0.0, 0.0, 1.0]], [[0.3670980667490369, 0.2821241854036409, -0.8863651866024552, -0.07485978698036372], [0.8858822027388691, -0.39660136380170663, 0.24066242315681957, 0.3505954447108798], [-0.28363721464745595, -0.873562726386715, -0.39552070084373914, 0.6192047315419059], [0.0, 0.0, 0.0, 1.0]], [[0.3670980667490369, 0.28212401553460875, -0.8863652059717307, -0.0669752721460889], [0.8858822027388691, -0.39660131606801985, 0.2406625074729673, 0.3696231200566904], [-0.28363721464745595, -0.8735628117079792, -0.3955205110112805, 0.6131178306247387], [0.0, 0.0, 0.0, 1.0]], [[0.09607032509126093, 0.40500252604833725, -0.9092539449375163, -0.12231893858377063], [0.9938447234950412, 0.011590820293135518, 0.11017085221488904, 0.2251122212545006], [0.05515849024238134, -0.9142417832384767, -0.40139623566814286, 0.6133076366992114], [0.0, 0.0, 0.0, 1.0]], [[0.010524715348299685, 0.519932486308854, -0.8541419340197764, -0.11602972664666744], [0.995298705112829, 0.07679494285132382, 0.059010557393993676, 0.29019359283691615], [0.09627534324507758, -0.850747831809657, -0.5166801131065004, 0.6168911100337365], [0.0, 0.0, 0.0, 1.0]], [[0.18814813542382325, 0.4794998022551016, -0.8571337856996897, -0.11553759889063518], [0.9423099806933106, -0.3341459293808702, 0.0199163137424071, 0.33637000068218176], [-0.2768581307177831, -0.8114337502355271, -0.5147068274197399, 0.6213549895293768], [0.0, 0.0, 0.0, 1.0]], [[0.20341610081755546, 0.4707490878730667, -0.8584958161443281, -0.11024356478805893], [0.9266187044972348, -0.3757562977543786, 0.013514587993180546, 0.3628740377678855], [-0.31622363726487634, -0.7982483792506327, -0.5126404002121514, 0.6135748942974161], [0.0, 0.0, 0.0, 1.0]], [[0.20341610081755546, 0.4707490878730667, -0.8584958161443281, -0.10574813894039246], [0.9266187044972348, -0.3757562977543786, 0.013514587993180546, 0.3833425956752816], [-0.31622363726487634, -0.7982483792506327, -0.5126404002121514, 0.606596562413573], [0.0, 0.0, 0.0, 1.0]], [[-0.026144021931837735, 0.45115753652318846, -0.8920611445581155, -0.13184905245345035], [0.9993488906934566, 0.03398631291081623, -0.01209987491071736, 0.22627254978993128], [0.024858917904703626, -0.8917968633527885, -0.4517524137356892, 0.6070412700593746], [0.0, 0.0, 0.0, 1.0]], [[-0.128074415827093, 0.4175531744739298, -0.8995808797220681, -0.13348426015578294], [0.9845596660743751, 0.16266328739922076, -0.06467050339658756, 0.2888886662944601], [0.11932543707372911, -0.8939740138664933, -0.4319391954629429, 0.6085729822898459], [0.0, 0.0, 0.0, 1.0]], [[0.1010156534757698, 0.42399345783259124, -0.9000135059293852, -0.13867404400764036], [0.9441380951634744, -0.326085479379578, -0.047649705787807084, 0.32882902789667284], [-0.3136846766070436, -0.8449241745869793, -0.43324835363931224, 0.6134110856442847], [0.0, 0.0, 0.0, 1.0]], [[0.1237392510596047, 0.41816085536903524, -0.8999046846300041, -0.1360375654667504], [0.926041506808039, -0.3745197271317169, -0.046695852531372345, 0.3534446199771044], [-0.3565587823691949, -0.8275716662125272, -0.43357747961518, 0.6052392243993491], [0.0, 0.0, 0.0, 1.0]], [[0.12373927467842805, 0.45273208003742393, -0.8830181221857849, -0.1333877383758797], [0.9260416266003128, -0.3724281274426956, -0.06117927924370131, 0.37325294426614997], [-0.3565588378450819, -0.8101418428835077, -0.46533306609663594, 0.5976198284841379], [0.0, 0.0, 0.0, 1.0]], [[-0.13559305701657742, 0.4676964620845379, -0.8734266379469773, -0.14300257351611356], [0.9906195966401184, 0.048930253384599, -0.1275856023280676, 0.2266509198610911], [-0.016934345066528023, -0.8825335858973526, -0.46994403318715317, 0.5999534086157217], [0.0, 0.0, 0.0, 1.0]], [[-0.23376377829505213, 0.43053373784292504, -0.8717765740758643, -0.15040383499917784], [0.9592335552906428, 0.24858214986530391, -0.13445084734687324, 0.28076593382340664], [0.158822565008915, -0.8676675305732271, -0.4710921339464049, 0.5990059957143421], [0.0, 0.0, 0.0, 1.0]], [[-0.00815962930999925, 0.48983473342444794, -0.8717763074518291, -0.1580545704311164], [0.9654539559231439, -0.2232043074272969, -0.13445080089989225, 0.31218441519902473], [-0.2604431161026186, -0.8427576323367005, -0.471091988178965, 0.6042042530544043], [0.0, 0.0, 0.0, 1.0]], [[-0.004325892484863925, 0.48988338646264196, -0.8717759865021666, -0.15820026607182724], [0.9636771722587492, -0.23075313894477878, -0.13445074517422856, 0.3297102411972388], [-0.26703052167570807, -0.8406932285916271, -0.4710918152565986, 0.5994799526555308], [0.0, 0.0, 0.0, 1.0]], [[-0.004325892484863925, 0.48988338646264196, -0.8717759865021666, -0.15828144323777854], [0.9636771722587492, -0.23075313894477878, -0.13445074517422856, 0.34850046736167634], [-0.26703052167570807, -0.8406932285916271, -0.4710918152565986, 0.5942789502357697], [0.0, 0.0, 0.0, 1.0]], [[-0.6320438643108224, 0.4359458576907919, 0.6406804482887407, -0.1276279862375964], [-0.7444546888359835, -0.11199532125534886, -0.6582128114563581, 0.20195311320923892], [-0.2151919428102591, -0.8929771234145999, 0.39532792336823475, 0.6107887018477363], [0.0, 0.0, 0.0, 1.0]], [[-0.6320438643108224, 0.4359458576907919, 0.6406804482887407, -0.27597469263076224], [-0.7444546888359835, -0.11199532125534886, -0.6582128114563581, 0.027399406963070583], [-0.2151919428102591, -0.8929771234145999, 0.39532792336823475, 0.560000339235212], [0.0, 0.0, 0.0, 1.0]]], "right_arm": [[[0.28735029697418213, 0.2653919756412506, -0.9203243255615234, 0.12833772599697113], [-0.9483985304832458, -0.05563957989215851, -0.31216052174568176, 0.18970784544944763], [-0.1340513527393341, 0.9625337719917297, 0.23570936918258667, 0.6093970537185669], [0.0, 0.0, 0.0, 1.0]], [[0.8392340563300857, -0.5193540930407772, -0.16111200188961483, 0.10409660228321194], [-0.5427858734243842, -0.8179173796665047, -0.19077200656267157, 0.20463160814483494], [-0.03269812224865376, 0.2475518320877983, -0.9683224486484396, 0.6064612979337567], [0.0, 0.0, 0.0, 1.0]], [[0.43291897431742443, -0.8764166555905581, -0.21088940800590095, 0.05975218458159626], [-0.899884865500467, -0.40647973850527763, -0.158052441655473, 0.23340634712361175], [0.05279755658897889, 0.258200262622829, -0.9646472277556121, 0.6080914703324443], [0.0, 0.0, 0.0, 1.0]], [[0.3539101227023109, -0.911192706583263, -0.21088935243436957, 0.04625407530643677], [-0.9322367507552762, -0.3255036175828958, -0.1580524107799316, 0.26154443042540704], [0.07537102380281346, 0.2525353977728173, -0.9646469935942441, 0.6063946433111815], [0.0, 0.0, 0.0, 1.0]], [[0.3539101227023109, -0.911192706583263, -0.21088935243436957, 0.03612535072993861], [-0.9322367507552762, -0.3255036175828958, -0.1580524107799316, 0.28828370777144696], [0.07537102380281346, 0.2525353977728173, -0.9646469935942441, 0.6042056264609794], [0.0, 0.0, 0.0, 1.0]], [[0.461197683152497, 0.19970213256932245, -0.864531689596934, 0.10824550736934224], [-0.8773070199031234, -0.04316393309445432, -0.4779835652699765, 0.20596058373826454], [-0.13277096874350414, 0.978905079734054, 0.15529309253175483, 0.6158096965432516], [0.0, 0.0, 0.0, 1.0]], [[0.3640655380319847, 0.19465497110954377, -0.9108042506966963, 0.07658668776693058], [-0.9257449218319618, -0.03171029645536794, -0.37681466688393145, 0.2664182426942404], [-0.10223077750066856, 0.9803584154001272, 0.1686563706002695, 0.6248079368393502], [0.0, 0.0, 0.0, 1.0]], [[0.41232657002307693, 0.020517696871053204, -0.9108040316014828, 0.06130883594693004], [-0.8506077911682343, 0.3667083833893421, -0.37681457915591837, 0.3053518347507205], [0.32626846601569404, 0.9301086519754467, 0.16865633074316833, 0.6290660435484725], [0.0, 0.0, 0.0, 1.0]], [[0.41087547688521475, -0.04019267812848959, -0.9108037609438557, 0.051450940872247775], [-0.7876087070678426, 0.4875252321823942, -0.3768144588967225, 0.3257152574094469], [0.4591856653560148, 0.8721819149570558, 0.16865628241993247, 0.6212512756074156], [0.0, 0.0, 0.0, 1.0]], [[0.41087547688521475, -0.04019286326615479, -0.9108037713424301, 0.04256570165336454], [-0.7876087070678426, 0.48752516938641177, -0.3768145559757536, 0.34276380796285033], [0.4591856653560148, 0.8721819623736904, 0.16865611325266427, 0.6113130939740993], [0.0, 0.0, 0.0, 1.0]], [[0.29828601769775215, 0.21594280952200173, -0.9297275800981487, 0.11816830416867319], [-0.9415820243415545, -0.09299442515277367, -0.3236886322406041, 0.2110462016428496], [-0.15635777413930596, 0.9719670411372818, 0.17558904828520838, 0.6133611413123008], [0.0, 0.0, 0.0, 1.0]], [[0.17010598301752167, 0.3226641477982608, -0.9311017810548763, 0.09864828163126331], [-0.980437822078059, -0.039524057349727304, -0.1928160444481264, 0.2729917994058354], [-0.09901579448500658, 0.9456872670312956, 0.30962910931541243, 0.6234994699052002], [0.0, 0.0, 0.0, 1.0]], [[0.2402231904502612, 0.24615440579208148, -0.9389882524839487, 0.09074393768800001], [-0.9339375764664553, 0.3223519966822752, -0.15442700635580836, 0.31871445149249367], [0.2646721617844525, 0.9140542370225981, 0.3073296305648239, 0.6280732299178705], [0.0, 0.0, 0.0, 1.0]], [[0.24364846817207475, 0.23619897479608554, -0.9406610062831247, 0.08393778973911717], [-0.9209967582727514, 0.36032729969383914, -0.14807725826302454, 0.34521466504849274], [0.30397050816848115, 0.9024254560037082, 0.3053321035421179, 0.6205589449695961], [0.0, 0.0, 0.0, 1.0]], [[0.24364846817207475, 0.23619897479608554, -0.9406610062831247, 0.07851931213295593], [-0.9209967582727514, 0.36032729969383914, -0.14807725826302454, 0.36571326181496816], [0.30397050816848115, 0.9024254560037082, 0.3053321035421179, 0.613794233782942], [0.0, 0.0, 0.0, 1.0]], [[0.1632990770710553, 0.28081213308618613, -0.9457682610244971, 0.12829827856149922], [-0.977032340087379, -0.0869884517623852, -0.19452539366648003, 0.2147839287251032], [-0.1368960223553064, 0.9558122572501142, 0.26015752945380494, 0.6094032518941788], [0.0, 0.0, 0.0, 1.0]], [[0.11818664794382217, 0.2500481392174696, -0.9609927348895198, 0.11806584773118173], [-0.981187970642097, -0.11936351061972106, -0.1517284807044469, 0.27654685189001427], [-0.15264694545976654, 0.9608472643143194, 0.23123719341624183, 0.6179138787171765], [0.0, 0.0, 0.0, 1.0]], [[0.22459633447095673, 0.178601667377551, -0.9579438111250813, 0.11325623411743702], [-0.9440705767860287, 0.28343792847871013, -0.16849873233748924, 0.3166942985385658], [0.24142371605536805, 0.942211646340288, 0.2322719339858894, 0.6241156174586253], [0.0, 0.0, 0.0, 1.0]], [[0.23006135110361559, 0.17278849847618716, -0.9577127641701113, 0.10732298525436053], [-0.9363431673879905, 0.30748119792394357, -0.1694529117906053, 0.34168124579255443], [0.26519947700193125, 0.9357335895120107, 0.23252917237639847, 0.6177194991318032], [0.0, 0.0, 0.0, 1.0]], [[0.23006138746313365, 0.20978505671030057, -0.9502947364188337, 0.10236442856729377], [-0.9363432884138372, 0.31381908477763987, -0.15740583521652696, 0.36188422920424845], [0.2651995219055916, 0.9260161540621357, 0.2686288053085883, 0.6119965356138468], [0.0, 0.0, 0.0, 1.0]], [[0.06361727261749395, 0.28703531906362656, -0.9558049982331325, 0.1403015878364906], [-0.9911404305387085, -0.09371650720400235, -0.09411296120107329, 0.21816248403367178], [-0.1165884515691551, 0.953324464505291, 0.27853042772124914, 0.6048993179527486], [0.0, 0.0, 0.0, 1.0]], [[-0.0851799389304091, 0.29373848489975174, -0.9520825927718334, 0.13687810544529722], [-0.9640480401614671, -0.26569131092138953, 0.004278785019296516, 0.27270083205145046], [-0.2517033188139095, 0.9182183055052036, 0.3058097991393687, 0.6111848150147501], [0.0, 0.0, 0.0, 1.0]], [[0.047680923074270076, 0.3020999765826815, -0.9520824130549318, 0.13971193763754108], [-0.985598471652986, 0.16904352770580933, 0.00427878472353721, 0.30455736254787436], [0.16223613706144313, 0.9381675525322968, 0.3058097418297303, 0.6194537084737246], [0.0, 0.0, 0.0, 1.0]], [[0.06239317007712941, 0.29940764575078305, -0.9520822323493681, 0.13883290194310427], [-0.9761554429300077, 0.21702595376987488, 0.004278784220504317, 0.3229035249630535], [0.20790788290814533, 0.9291141083979353, 0.30580968810580966, 0.6164244476231404], [0.0, 0.0, 0.0, 1.0]], [[0.06239317007712941, 0.29940764575078305, -0.9520822323493681, 0.13761429259623553], [-0.9761554429300077, 0.21702595376987488, 0.004278784220504317, 0.34207309740525527], [0.20790788290814533, 0.9291141083979353, 0.30580968810580966, 0.6123356110279013], [0.0, 0.0, 0.0, 1.0]], [[-0.6509365046891591, 0.24970581444836942, 0.7168879499095613, 0.12833771166489427], [0.7394580522121739, -0.005032629556802539, 0.6731833164395123, 0.1897078683059954], [0.17170566637128548, 0.9683084185510105, -0.1813711702196651, 0.6093970280291063], [0.0, 0.0, 0.0, 1.0]], [[-0.6509365046891591, 0.24970581444836942, 0.7168879499095613, 0.2800830052086717], [0.7394580522121739, -0.005032629556802539, 0.6731833164395123, 0.0158648757946524], [0.17170566637128548, 0.9683084185510105, -0.1813711702196651, 0.5703663529092704], [0.0, 0.0, 0.0, 1.0]]], "left_wrist": [[0.0855063647031784, 0.4477594196796417, -0.8900561928749084, -0.12762798368930817], [0.9956322908401489, -0.004793131723999977, 0.09323760867118835, 0.20195314288139343], [0.03748185932636261, -0.8941412568092346, -0.44621360301971436, 0.6107887029647827], [0.0, 0.0, 0.0, 1.0]], "right_wrist": [[0.28735029697418213, 0.2653919756412506, -0.9203243255615234, 0.12833772599697113], [-0.9483985304832458, -0.05563957989215851, -0.31216052174568176, 0.18970784544944763], [-0.1340513527393341, 0.9625337719917297, 0.23570936918258667, 0.6093970537185669], [0.0, 0.0, 0.0, 1.0]], "left_pinch_distance": 0.06412011203793609, "right_pinch_distance": 0.05531795688880986, "left_wrist_roll": 2.033676901511843, "right_wrist_roll": -1.330638274713482}
