{
  "usd_path": "/home/wishai/vscode/geo_lib/algorithms/usd_parallel_urdf/inputs/landau_v10.usdc",
  "skeleton_path": "/root/root/root",
  "joint_count": 68,
  "records": [
    {
      "index": 0,
      "path": "root_x",
      "name": "root_x",
      "parent_index": -1,
      "parent_path": null,
      "parent_name": null,
      "children": [
        "root_x/spine_01_x",
        "root_x/thigh_stretch_l",
        "root_x/thigh_stretch_r"
      ],
      "child_names": [
        "spine_01_x",
        "thigh_stretch_l",
        "thigh_stretch_r"
      ],
      "local_xyz": [
        0.0,
        -0.012911458499729633,
        0.2996422052383423
      ],
      "local_rpy": [
        1.5707963111179113,
        -8.866567419474964e-14,
        -2.827893013083404e-06
      ],
      "world_xyz": [
        0.0,
        -0.012911458499729633,
        0.2996422052383423
      ],
      "world_rpy": [
        1.5707963111179113,
        -8.866567419474964e-14,
        -2.827893013083404e-06
      ],
      "local_matrix": [
        [
          1.0,
          0.0,
          -2.827893013090943e-06,
          0.0
        ],
        [
          -2.827893013090943e-06,
          3.135397008691143e-08,
          -1.0,
          -0.012911458499729633
        ],
        [
          8.866567419510418e-14,
          1.0,
          0.0,
          0.2996422052383423
        ],
        [
          0.0,
          0.0,
          0.0,
          1.0
        ]
      ],
      "world_matrix": [
        [
          1.0,
          0.0,
          -2.827893013090943e-06,
          0.0
        ],
        [
          -2.827893013090943e-06,
          3.135397008691143e-08,
          -1.0,
          -0.012911458499729633
        ],
        [
          8.866567419510418e-14,
          1.0,
          0.0,
          0.2996422052383423
        ],
        [
          0.0,
          0.0,
          0.0,
          1.0
        ]
      ],
      "incoming_length": 0.0,
      "axis": [
        0.9999999999960185,
        4.434253790395315e-14,
        -2.821857101781634e-06
      ],
      "limits": [
        -1.8,
        1.8
      ]
    },
    {
      "index": 1,
      "path": "root_x/spine_01_x",
      "name": "spine_01_x",
      "parent_index": 0,
      "parent_path": "root_x",
      "parent_name": "root_x",
      "children": [
        "root_x/spine_01_x/spine_02_x"
      ],
      "child_names": [
        "spine_02_x"
      ],
      "local_xyz": [
        -9.761241415162658e-08,
        0.06049978733062744,
        -0.034517716616392136
      ],
      "local_rpy": [
        -0.07474828981712582,
        2.753595957579761e-06,
        5.56415387658092e-09
      ],
      "world_xyz": [
        -4.504278115042507e-15,
        0.021606260013847065,
        0.3601419925689697
      ],
      "world_rpy": [
        1.4960480213007696,
        -5.5641993627510504e-09,
        -7.429705541676937e-08
      ],
      "local_matrix": [
        [
          1.0,
          -2.1118358972671558e-07,
          2.745491428868263e-06,
          -9.761241415162658e-08
        ],
        [
          5.564160687754338e-09,
          0.9972077012062073,
          0.0746787041425705,
          0.06049978733062744
        ],
        [
          -2.7535959361557616e-06,
          -0.0746787041425705,
          0.9972076416015625,
          -0.034517716616392136
        ],
        [
          0.0,
          0.0,
          0.0,
          1.0
        ]
      ],
      "world_matrix": [
        [
          1.0000000000077869,
          -2.0405525481674049e-13,
          -7.450509341769274e-08,
          -4.504278115042507e-15
        ],
        [
          -7.429707676072268e-08,
          0.07467873540958814,
          -0.9972076392678526,
          0.021606260013847065
        ],
        [
          5.564249353428533e-09,
          0.9972077012062073,
          0.0746787041425705,
          0.3601419925689697
        ],
        [
          0.0,
          0.0,
          0.0,
          1.0
        ]
      ],
      "incoming_length": 0.06965412426748491,
      "axis": [
        -3.6038275024471013e-09,
        0.9982465045964104,
        -0.05919388533496413
      ],
      "limits": [
        -0.7,
        0.7
      ]
    },
    {
      "index": 2,
      "path": "root_x/spine_01_x/spine_02_x",
      "name": "spine_02_x",
      "parent_index": 1,
      "parent_path": "root_x/spine_01_x",
      "parent_name": "spine_01_x",
      "children": [
        "root_x/spine_01_x/spine_02_x/spine_03_x"
      ],
      "child_names": [
        "spine_03_x"
      ],
      "local_xyz": [
        -1.3877787807814457e-16,
        0.0679652988910675,
        -4.656612873077393e-10
      ],
      "local_rpy": [
        0.3526390336163252,
        7.450512300017072e-08,
        -6.132306716696721e-14
      ],
      "world_xyz": [
        -1.8477038239322574e-14,
        0.02668182305112766,
        0.427917512003149
      ],
      "world_rpy": [
        1.8486870549170955,
        -1.9114417559434045e-13,
        1.831980864371995e-14
      ],
      "local_matrix": [
        [
          1.0,
          2.5732315833693065e-08,
          6.992040368913877e-08,
          -1.3877787807814457e-16
        ],
        [
          -6.099179321317205e-14,
          0.9384645223617554,
          -0.345375657081604,
          0.0679652988910675
        ],
        [
          -7.45051167427846e-08,
          0.345375657081604,
          0.9384645819664001,
          -4.656612873077393e-10
        ],
        [
          0.0,
          0.0,
          0.0,
          1.0
        ]
      ],
      "world_matrix": [
        [
          1.0000000000077924,
          -1.2125978572881336e-13,
          8.281679833189863e-14,
          -1.8477038239322574e-14
        ],
        [
          -9.735064676879284e-15,
          -0.2743278999021926,
          -0.961636267631321,
          0.02668182305112766
        ],
        [
          2.429616005443827e-13,
          0.9616362555211905,
          -0.2743279461859794,
          0.427917512003149
        ],
        [
          0.0,
          0.0,
          0.0,
          1.0
        ]
      ],
      "incoming_length": 0.0679652988910675,
      "axis": [
        5.981825101218251e-09,
        -0.4003213935018458,
        -0.9163748042721059
      ],
      "limits": [
        -0.7,
        0.7
      ]
    },
    {
      "index": 3,
      "path": "root_x/spine_01_x/spine_02_x/spine_03_x",
      "name": "spine_03_x",
      "parent_index": 2,
      "parent_path": "root_x/spine_01_x/spine_02_x",
      "parent_name": "spine_02_x",
      "children": [
        "root_x/spine_01_x/spine_02_x/spine_03_x/neck_x",
        "root_x/spine_01_x/spine_02_x/spine_03_x/shoulder_r",
        "root_x/spine_01_x/spine_02_x/spine_03_x/shoulder_l"
      ],
      "child_names": [
        "neck_x",
        "shoulder_r",
        "shoulder_l"
      ],
      "local_xyz": [
        6.776263578034403e-21,
        0.06930667161941528,
        -1.4901161193847656e-08
      ],
      "local_rpy": [
        -0.2846783884216726,
        -2.2547415059049701e-07,
        6.597969276899561e-08
      ],
      "world_xyz": [
        -2.6881143745955683e-14,
        0.007669082115699022,
        0.4945652987638139
      ],
      "world_rpy": [
        1.5640086664954305,
        -1.59480076534026e-09,
        -2.3492416022638138e-07
      ],
      "local_matrix": [
        [
          1.0,
          0.0,
          -2.3492957268445025e-07,
          6.776263578034403e-21
        ],
        [
          6.59796910440491e-08,
          0.9597519636154175,
          0.28084877133369446,
          0.06930667161941528
        ],
        [
          2.2547413891516044e-07,
          -0.28084877133369446,
          0.9597519040107727,
          -1.4901161193847656e-08
        ],
        [
          0.0,
          0.0,
          0.0,
          0.9999999403953552
        ]
      ],
      "world_matrix": [
        [
          1.0000000000077924,
          -1.3963831351811747e-13,
          -2.3492952725836287e-07,
          -2.6881143745955683e-14
        ],
        [
          -2.3492418920913505e-07,
          0.006787623628553273,
          -0.9999768924550568,
          0.007669082115699022
        ],
        [
          1.5948485509967773e-09,
          0.999976951149068,
          0.006787592157702513,
          0.4945652987638139
        ],
        [
          0.0,
          0.0,
          0.0,
          0.9999999403953552
        ]
      ],
      "incoming_length": 0.06930667161941688,
      "axis": [
        0.9999999999999738,
        -4.1071508921398247e-11,
        -2.2889380052104483e-07
      ],
      "limits": [
        -0.7,
        0.7
      ]
    },
    {
      "index": 4,
      "path": "root_x/spine_01_x/spine_02_x/spine_03_x/neck_x",
      "name": "neck_x",
      "parent_index": 3,
      "parent_path": "root_x/spine_01_x/spine_02_x/spine_03_x",
      "parent_name": "spine_03_x",
      "children": [
        "root_x/spine_01_x/spine_02_x/spine_03_x/neck_x/head_x"
      ],
      "child_names": [
        "head_x"
      ],
      "local_xyz": [
        -2.9976021664879227e-15,
        0.06946700811386108,
        4.656612873077393e-10
      ],
      "local_rpy": [
        0.22785065357471782,
        7.858733908937076e-08,
        -3.6252227774056826e-08
      ],
      "world_xyz": [
        -3.968839935672564e-14,
        0.00814059755572704,
        0.564030705746121
      ],
      "world_rpy": [
        1.7918593200701505,
        3.519001192096073e-08,
        -1.5658469739821717e-07
      ],
      "local_matrix": [
        [
          1.0,
          5.30668984310978e-08,
          6.836736332616056e-08,
          -2.9976021664879227e-15
        ],
        [
          -3.62522278862798e-08,
          0.9741541743278503,
          -0.22588425874710083,
          0.06946700811386108
        ],
        [
          -7.85873481845556e-08,
          0.22588424384593964,
          0.9741541147232056,
          4.656612873077393e-10
        ],
        [
          0.0,
          0.0,
          0.0,
          1.0
        ]
      ],
      "world_matrix": [
        [
          1.0000000000078109,
          -1.1621957405206797e-13,
          -1.6049017077992143e-07,
          -3.968839935672564e-14
        ],
        [
          -1.565847234638482e-07,
          -0.21926683232411395,
          -0.9756648217452242,
          0.00814059755572704
        ],
        [
          -3.5189962631318644e-08,
          0.9756649313155789,
          -0.21926689154500412,
          0.564030705746121
        ],
        [
          0.0,
          0.0,
          0.0,
          0.9999999403953552
        ]
      ],
      "incoming_length": 0.06946700811386108,
      "axis": [
        0.9999999999999881,
        1.323385410344328e-09,
        -1.5460119286065234e-07
      ],
      "limits": [
        -0.7,
        0.7
      ]
    },
    {
      "index": 5,
      "path": "root_x/spine_01_x/spine_02_x/spine_03_x/neck_x/head_x",
      "name": "head_x",
      "parent_index": 4,
      "parent_path": "root_x/spine_01_x/spine_02_x/spine_03_x/neck_x",
      "parent_name": "neck_x",
      "children": [],
      "child_names": [],
      "local_xyz": [
        1.7763568394002505e-15,
        0.03936576843261719,
        1.4901161193847656e-08
      ],
      "local_rpy": [
        -0.22106287511041525,
        1.3074117592818227e-07,
        6.685703568511849e-09
      ],
      "world_xyz": [
        -4.4878605261602374e-14,
        -0.0004910243290363117,
        0.6024385022327842
      ],
      "world_rpy": [
        1.5707964449597394,
        -2.032152276310212e-13,
        -3.049107157217017e-08
      ],
      "local_matrix": [
        [
          1.0,
          -3.519019386999389e-08,
          1.2609362443072314e-07,
          1.7763568394002505e-15
        ],
        [
          6.685703102249363e-09,
          0.9756647944450378,
          0.21926675736904144,
          0.03936576843261719
        ],
        [
          -1.3074118498934695e-07,
          -0.21926672756671906,
          0.9756649732589722,
          1.4901161193847656e-08
        ],
        [
          0.0,
          0.0,
          0.0,
          1.0
        ]
      ],
      "world_matrix": [
        [
          1.0000000000078317,
          -1.5270807834370717e-13,
          -3.049103923370102e-08,
          -4.4878605261602374e-14
        ],
        [
          -3.049110145754735e-08,
          -9.62220741334732e-08,
          -0.9999999195400835,
          -0.0004910243290363117
        ],
        [
          2.5665625829235573e-13,
          0.9999998584320472,
          -1.4010758330315682e-07,
          0.6024385022327842
        ],
        [
          0.0,
          0.0,
          0.0,
          0.9999999403953552
        ]
      ],
      "incoming_length": 0.039365768432620005,
      "axis": [
        -3.266517976069409e-09,
        0.9910385076464535,
        -0.13357648132021757
      ],
      "limits": [
        -0.7,
        0.7
      ]
    },
    {
      "index": 6,
      "path": "root_x/spine_01_x/spine_02_x/spine_03_x/shoulder_r",
      "name": "shoulder_r",
      "parent_index": 3,
      "parent_path": "root_x/spine_01_x/spine_02_x/spine_03_x",
      "parent_name": "spine_03_x",
      "children": [
        "root_x/spine_01_x/spine_02_x/spine_03_x/shoulder_r/arm_stretch_r"
      ],
      "child_names": [
        "arm_stretch_r"
      ],
      "local_xyz": [
        -0.015986602753400803,
        0.02927297353744507,
        -0.0020746360532939434
      ],
      "local_rpy": [
        3.2577918286955004e-05,
        1.565934738805277,
        1.5708287249369737
      ],
      "world_xyz": [
        -0.015986602266163077,
        0.009942367911747591,
        0.5238235157839539
      ],
      "world_rpy": [
        1.7886781054779392e-07,
        0.0019260723123994867,
        1.5707962493737526
      ],
      "local_matrix": [
        [
          -9.79011929302942e-08,
          -0.9999996423721313,
          1.8015919067693176e-07,
          -0.015986602753400803
        ],
        [
          0.004861568100750446,
          1.791016046581717e-07,
          0.9999881386756897,
          0.02927297353744507
        ],
        [
          -0.9999880194664001,
          2.1798361160563218e-07,
          0.004861568566411734,
          -0.0020746360532939434
        ],
        [
          0.0,
          0.0,
          0.0,
          1.0
        ]
      ],
      "world_matrix": [
        [
          1.3702551906734968e-07,
          -0.999999642379975,
          1.7901692503663718e-07,
          -0.015986602266163077
        ],
        [
          0.9999979106928332,
          1.8161204937857446e-08,
          0.001926086890808204,
          0.009942367911747591
        ],
        [
          -0.0019260547915347646,
          1.7898221244399184e-07,
          0.9999980884428235,
          0.5238235157839539
        ],
        [
          0.0,
          0.0,
          0.0,
          0.9999999403953552
        ]
      ],
      "incoming_length": 0.03341829681585566,
      "axis": [
        0.9912939627538504,
        4.719446096082844e-08,
        -0.13166730576633484
      ],
      "limits": [
        -1.8,
        1.8
      ]
    },
    {
      "index": 7,
      "path": "root_x/spine_01_x/spine_02_x/spine_03_x/shoulder_r/arm_stretch_r",
      "name": "arm_stretch_r",
      "parent_index": 6,
      "parent_path": "root_x/spine_01_x/spine_02_x/spine_03_x/shoulder_r",
      "parent_name": "shoulder_r",
      "children": [
        "root_x/spine_01_x/spine_02_x/spine_03_x/shoulder_r/arm_stretch_r/arm_twist_r",
        "root_x/spine_01_x/spine_02_x/spine_03_x/shoulder_r/arm_stretch_r/forearm_stretch_r"
      ],
      "child_names": [
        "arm_twist_r",
        "forearm_stretch_r"
      ],
      "local_xyz": [
        0.0,
        0.047959811985492706,
        5.960464477539063e-08
      ],
      "local_rpy": [
        -0.9033368972357344,
        -0.052029611355892694,
        -0.039674585152565826
      ],
      "world_xyz": [
        -0.06394639710025594,
        0.00994236889755929,
        0.523823583972438
      ],
      "world_rpy": [
        -0.9034132103085067,
        -0.05010504748957658,
        1.5311255594619249
      ],
      "local_matrix": [
        [
          0.9978609085083008,
          0.06536514312028885,
          -0.0010139626683667302,
          0.0
        ],
        [
          -0.039610497653484344,
          0.6168853640556335,
          0.7860556840896606,
          0.047959811985492706
        ],
        [
          0.05200614035129547,
          -0.7843338847160339,
          0.6181550621986389,
          5.960464477539063e-08
        ],
        [
          0.0,
          0.0,
          0.0,
          1.0
        ]
      ],
      "world_matrix": [
        [
          0.039610629530365454,
          -0.6168852748974218,
          -0.7860552924591275,
          -0.06394639710025594
        ],
        [
          0.997958991296151,
          0.06385432254244015,
          0.0001766740876186394,
          0.00994236889755929
        ],
        [
          0.05008409906489251,
          -0.7844581718525667,
          0.6181559741975349,
          0.523823583972438
        ],
        [
          0.0,
          0.0,
          0.0,
          0.9999999403953552
        ]
      ],
      "incoming_length": 0.047959811985529746,
      "axis": [
        0.03961058311680165,
        -0.6168855594835309,
        -0.7860554740003011
      ],
      "limits": [
        -1.8,
        1.8
      ]
    },
    {
      "index": 8,
      "path": "root_x/spine_01_x/spine_02_x/spine_03_x/shoulder_r/arm_stretch_r/arm_twist_r",
      "name": "arm_twist_r",
      "parent_index": 7,
      "parent_path": "root_x/spine_01_x/spine_02_x/spine_03_x/shoulder_r/arm_stretch_r",
      "parent_name": "arm_stretch_r",
      "children": [],
      "child_names": [],
      "local_xyz": [
        0.0,
        2.9802322387695312e-08,
        5.960464477539063e-08
      ],
      "local_rpy": [
        -1.639127827313362e-07,
        1.3038518451981494e-08,
        2.607703338275363e-08
      ],
      "world_xyz": [
        -0.06394646233741626,
        0.009942370811096994,
        0.52382359743873
      ],
      "world_rpy": [
        -0.9034133745170924,
        -0.05010501893756265,
        1.5311255653682387
      ],
      "local_matrix": [
        [
          0.9999999403953552,
          -2.2351741790771484e-08,
          1.30385160446167e-08,
          0.0
        ],
        [
          2.9802322387695312e-08,
          0.9999998807907104,
          1.7881393432617188e-07,
          2.9802322387695312e-08
        ],
        [
          -1.30385160446167e-08,
          -1.4901161193847656e-07,
          1.0,
          5.960464477539063e-08
        ],
        [
          0.0,
          0.0,
          0.0,
          1.0
        ]
      ],
      "world_matrix": [
        [
          0.039610619033768654,
          -0.6168850851129669,
          -0.7860554022503468,
          -0.06394646233741626
        ],
        [
          0.9979589337138632,
          0.06385429259796355,
          0.00017669851756559683,
          0.009942370811096994
        ],
        [
          0.05008406464113565,
          -0.7844581715697504,
          0.6181558345785052,
          0.52382359743873
        ],
        [
          0.0,
          0.0,
          0.0,
          0.9999999403953552
        ]
      ],
      "incoming_length": 6.664001874625056e-08,
      "axis": [
        0.0,
        0.0,
        1.0
      ],
      "limits": [
        -1.2,
        1.2
      ]
    },
    {
      "index": 9,
      "path": "root_x/spine_01_x/spine_02_x/spine_03_x/shoulder_r/arm_stretch_r/forearm_stretch_r",
      "name": "forearm_stretch_r",
      "parent_index": 7,
      "parent_path": "root_x/spine_01_x/spine_02_x/spine_03_x/shoulder_r/arm_stretch_r",
      "parent_name": "arm_stretch_r",
      "children": [
        "root_x/spine_01_x/spine_02_x/spine_03_x/shoulder_r/arm_stretch_r/forearm_stretch_r/forearm_twist_r",
        "root_x/spine_01_x/spine_02_x/spine_03_x/shoulder_r/arm_stretch_r/forearm_stretch_r/hand_r"
      ],
      "child_names": [
        "forearm_twist_r",
        "hand_r"
      ],
      "local_xyz": [
        3.725290298461914e-09,
        0.09053915739059448,
        5.960464477539063e-08
      ],
      "local_rpy": [
        -4.6757637403703006e-05,
        -0.0001728133448761556,
        0.26423786718604864
      ],
      "world_xyz": [
        -0.11979871680111914,
        0.01572368918451661,
        0.4527994391162855
      ],
      "world_rpy": [
        -0.8945735040790217,
        0.15707233962042833,
        1.6956681619663845
      ],
      "local_matrix": [
        [
          0.9652917981147766,
          -0.26117363572120667,
          -0.00017902441322803497,
          3.725290298461914e-09
        ],
        [
          0.26117366552352905,
          0.9652917981147766,
          2.9802322387695312e-08,
          0.09053915739059448
        ],
        [
          0.00017282366752624512,
          -4.673004150390625e-05,
          1.0,
          5.960464477539063e-08
        ],
        [
          0.0,
          0.0,
          0.0,
          1.0
        ]
      ],
      "world_matrix": [
        [
          -0.12301422160714598,
          -0.605782815967471,
          -0.7860624021134507,
          -0.11979871680111914
        ],
        [
          0.9799987271644649,
          -0.1990025324890783,
          -1.9830322166894377e-06,
          0.01572368918451661
        ],
        [
          -0.15642721416674854,
          -0.7703405719523239,
          0.6181469845424123,
          0.4527994391162855
        ],
        [
          0.0,
          0.0,
          0.0,
          0.9999999403953552
        ]
      ],
      "incoming_length": 0.09053915739061418,
      "axis": [
        1.0,
        0.0,
        0.0
      ],
      "limits": [
        -1.8,
        1.8
      ]
    },
    {
      "index": 10,
      "path": "root_x/spine_01_x/spine_02_x/spine_03_x/shoulder_r/arm_stretch_r/forearm_stretch_r/forearm_twist_r",
      "name": "forearm_twist_r",
      "parent_index": 9,
      "parent_path": "root_x/spine_01_x/spine_02_x/spine_03_x/shoulder_r/arm_stretch_r/forearm_stretch_r",
      "parent_name": "forearm_stretch_r",
      "children": [],
      "child_names": [],
      "local_xyz": [
        -7.450580596923828e-09,
        0.0460992157459259,
        8.940696716308594e-08
      ],
      "local_rpy": [
        -2.46062928423438e-08,
        0.1614085341963572,
        -1.0881838517937e-07
      ],
      "world_xyz": [
        -0.14772489175194614,
        0.006549820266375254,
        0.41728737233518637
      ],
      "world_rpy": [
        -0.9213258799379279,
        0.25654014304215333,
        1.5657184234578894
      ],
      "local_matrix": [
        [
          0.9870018362998962,
          9.685754776000977e-08,
          0.16070857644081116,
          -7.450580596923828e-09
        ],
        [
          -1.1920928955078125e-07,
          0.9999997615814209,
          2.9802322387695312e-08,
          0.0460992157459259
        ],
        [
          -0.16070857644081116,
          0.0,
          0.9870017766952515,
          8.940696716308594e-08
        ],
        [
          0.0,
          0.0,
          0.0,
          0.9999999403953552
        ]
      ],
      "world_matrix": [
        [
          0.004911779234980788,
          -0.6057826834524486,
          -0.7956144459695067,
          -0.14772489175194614
        ],
        [
          0.967260885696123,
          -0.19900239012290374,
          0.1574922371693493,
          0.006549820266375254
        ],
        [
          -0.25373537771509685,
          -0.7703404034399757,
          0.584972954138895,
          0.41728737233518637
        ],
        [
          0.0,
          0.0,
          0.0,
          0.999999880790714
        ]
      ],
      "incoming_length": 0.04609921574601321,
      "axis": [
        0.0,
        1.0,
        0.0
      ],
      "limits": [
        -1.2,
        1.2
      ]
    },
    {
      "index": 11,
      "path": "root_x/spine_01_x/spine_02_x/spine_03_x/shoulder_r/arm_stretch_r/forearm_stretch_r/hand_r",
      "name": "hand_r",
      "parent_index": 9,
      "parent_path": "root_x/spine_01_x/spine_02_x/spine_03_x/shoulder_r/arm_stretch_r/forearm_stretch_r",
      "parent_name": "forearm_stretch_r",
      "children": [
        "root_x/spine_01_x/spine_02_x/spine_03_x/shoulder_r/arm_stretch_r/forearm_stretch_r/hand_r/thumb1_r",
        "root_x/spine_01_x/spine_02_x/spine_03_x/shoulder_r/arm_stretch_r/forearm_stretch_r/hand_r/index1_base_r",
        "root_x/spine_01_x/spine_02_x/spine_03_x/shoulder_r/arm_stretch_r/forearm_stretch_r/hand_r/middle1_base_r",
        "root_x/spine_01_x/spine_02_x/spine_03_x/shoulder_r/arm_stretch_r/forearm_stretch_r/hand_r/ring1_base_r",
        "root_x/spine_01_x/spine_02_x/spine_03_x/shoulder_r/arm_stretch_r/forearm_stretch_r/hand_r/pinky1_base_r"
      ],
      "child_names": [
        "thumb1_r",
        "index1_base_r",
        "middle1_base_r",
        "ring1_base_r",
        "pinky1_base_r"
      ],
      "local_xyz": [
        1.1175870895385742e-08,
        0.09219858050346375,
        5.960464477539063e-08
      ],
      "local_rpy": [
        -0.03227302420810335,
        0.16022808920856707,
        -0.12209860553860859
      ],
      "world_xyz": [
        -0.17565107361391233,
        -0.0026240518125546864,
        0.38177513998532625
      ],
      "world_rpy": [
        -0.9492900252205724,
        0.15995418358873,
        1.4919968469323728
      ],
      "local_matrix": [
        [
          0.979841411113739,
          0.11662229150533676,
          0.16220316290855408,
          1.1175870895385742e-08
        ],
        [
          -0.12023533880710602,
          0.99266517162323,
          0.012605607509613037,
          0.09219858050346375
        ],
        [
          -0.15954336524009705,
          -0.03185415267944336,
          0.986676812171936,
          5.960464477539063e-08
        ],
        [
          0.0,
          0.0,
          0.0,
          0.9999999403953552
        ]
      ],
      "world_matrix": [
        [
          0.0777131145566618,
          -0.590646351617832,
          -0.803179101327081,
          -0.17565107361391233
        ],
        [
          0.9841707890114271,
          -0.08325312266468408,
          0.15644838876255102,
          -0.0026240518125546864
        ],
        [
          -0.1592729527271052,
          -0.8026237046592646,
          0.5748276963604202,
          0.38177513998532625
        ],
        [
          0.0,
          0.0,
          0.0,
          0.999999880790714
        ]
      ],
      "incoming_length": 0.09219858050348369,
      "axis": [
        0.07771308257055662,
        -0.5906467831286023,
        -0.8031793413536082
      ],
      "limits": [
        -1.8,
        1.8
      ]
    },
    {
      "index": 12,
      "path": "root_x/spine_01_x/spine_02_x/spine_03_x/shoulder_r/arm_stretch_r/forearm_stretch_r/hand_r/thumb1_r",
      "name": "thumb1_r",
      "parent_index": 11,
      "parent_path": "root_x/spine_01_x/spine_02_x/spine_03_x/shoulder_r/arm_stretch_r/forearm_stretch_r/hand_r",
      "parent_name": "hand_r",
      "children": [
        "root_x/spine_01_x/spine_02_x/spine_03_x/shoulder_r/arm_stretch_r/forearm_stretch_r/hand_r/thumb1_r/thumb2_r"
      ],
      "child_names": [
        "thumb2_r"
      ],
      "local_xyz": [
        -0.014071539044380188,
        0.021172314882278442,
        -0.009160101413726807
      ],
      "local_rpy": [
        -1.3560431769026318,
        -1.2164723950166147,
        1.928880228493931
      ],
      "world_xyz": [
        -0.18189278619787616,
        -0.019668594244347557,
        0.3617575192683754
      ],
      "world_rpy": [
        -0.8882522898614592,
        -0.3022574330497251,
        3.141592133831938
      ],
      "local_matrix": [
        [
          -0.1216013953089714,
          -0.5207471251487732,
          -0.8450062870979309,
          -0.014071539044380188
        ],
        [
          0.32494890689849854,
          0.7835243940353394,
          -0.5296201109886169,
          0.021172314882278442
        ],
        [
          0.9378811120986938,
          -0.3389863967895508,
          0.07393857836723328,
          -0.009160101413726807
        ],
        [
          0.0,
          0.0,
          0.0,
          1.0000001192092896
        ]
      ],
      "world_matrix": [
        [
          -0.954666418252769,
          -0.230987916196748,
          0.1877641949821205,
          -0.18189278619787616
        ],
        [
          4.364667735899809e-07,
          -0.6307688371106449,
          -0.775970404774021,
          -0.019668594244347557
        ],
        [
          0.2976761569343857,
          -0.7407930891490098,
          0.6021742446377911,
          0.3617575192683754
        ],
        [
          0.0,
          0.0,
          0.0,
          0.9999999999999893
        ]
      ],
      "incoming_length": 0.027021890875022516,
      "axis": [
        -0.9808927627673938,
        8.672573842368224e-07,
        0.19454919159379055
      ],
      "limits": [
        -1.2,
        1.2
      ]
    },
    {
      "index": 13,
      "path": "root_x/spine_01_x/spine_02_x/spine_03_x/shoulder_r/arm_stretch_r/forearm_stretch_r/hand_r/thumb1_r/thumb2_r",
      "name": "thumb2_r",
      "parent_index": 12,
      "parent_path": "root_x/spine_01_x/spine_02_x/spine_03_x/shoulder_r/arm_stretch_r/forearm_stretch_r/hand_r/thumb1_r",
      "parent_name": "thumb1_r",
      "children": [
        "root_x/spine_01_x/spine_02_x/spine_03_x/shoulder_r/arm_stretch_r/forearm_stretch_r/hand_r/thumb1_r/thumb2_r/thumb3_r"
      ],
      "child_names": [
        "thumb3_r"
      ],
      "local_xyz": [
        2.9802322387695312e-08,
        0.02702181041240692,
        2.9802322387695312e-08
      ],
      "local_rpy": [
        0.06978328542755396,
        0.3481395481933951,
        0.4628117761251647
      ],
      "world_xyz": [
        -0.18813452073236892,
        -0.03671313330051294,
        0.34173997567620135
      ],
      "world_rpy": [
        -0.9012913361710374,
        0.26918685101580014,
        3.1415925642235996
      ],
      "local_matrix": [
        [
          0.8411207795143127,
          -0.4240943193435669,
          0.33564847707748413,
          2.9802322387695312e-08
        ],
        [
          0.41968193650245667,
          0.903242826461792,
          0.08954945206642151,
          0.02702181041240692
        ],
        [
          -0.34114959836006165,
          0.06554368138313293,
          0.9377212524414062,
          2.9802322387695312e-08
        ],
        [
          0.0,
          0.0,
          0.0,
          1.0
        ]
      ],
      "world_matrix": [
        [
          -0.963986897579575,
          0.20853718311606737,
          -0.16504669465065525,
          -0.18813452073236892
        ],
        [
          7.200522647411875e-08,
          -0.6205975693521649,
          -0.7841287970665842,
          -0.03671313330051294
        ],
        [
          -0.26594737873917396,
          -0.7558900939985428,
          0.5982485203791265,
          0.34173997567620135
        ],
        [
          0.0,
          0.0,
          0.0,
          0.9999999999999893
        ]
      ],
      "incoming_length": 0.02702181041243979,
      "axis": [
        0.1185353530565118,
        0.5332512428729892,
        0.8376111759343834
      ],
      "limits": [
        -1.5,
        1.0
      ]
    },
    {
      "index": 14,
      "path": "root_x/spine_01_x/spine_02_x/spine_03_x/shoulder_r/arm_stretch_r/forearm_stretch_r/hand_r/thumb1_r/thumb2_r/thumb3_r",
      "name": "thumb3_r",
      "parent_index": 13,
      "parent_path": "root_x/spine_01_x/spine_02_x/spine_03_x/shoulder_r/arm_stretch_r/forearm_stretch_r/hand_r/thumb1_r/thumb2_r",
      "parent_name": "thumb2_r",
      "children": [],
      "child_names": [],
      "local_xyz": [
        7.450580596923828e-09,
        0.016161471605300903,
        0.0
      ],
      "local_rpy": [
        0.06886017889626746,
        -0.07846762898767379,
        -0.09951241168775532
      ],
      "world_xyz": [
        -0.18476426015105124,
        -0.046742903295916176,
        0.3295236774038533
      ],
      "world_rpy": [
        -0.8363406318657843,
        0.1425395341193552,
        3.141592579686347
      ],
      "local_matrix": [
        [
          0.9919910430908203,
          0.09374597668647766,
          -0.08465022593736649,
          7.450580596923828e-09
        ],
        [
          -0.09904256463050842,
          0.9932301044464111,
          -0.060696184635162354,
          0.016161471605300903
        ],
        [
          0.07838713377714157,
          0.0685940682888031,
          0.9945605397224426,
          0.0
        ],
        [
          0.0,
          0.0,
          0.0,
          1.0
        ]
      ],
      "world_matrix": [
        [
          -0.9898579628255396,
          0.1054342906970589,
          -0.09520463240009837,
          -0.18476426015105124
        ],
        [
          3.7386470510995163e-08,
          -0.6701827661298416,
          -0.7421956610641784,
          -0.046742903295916176
        ],
        [
          -0.1420571373553953,
          -0.7346679939187314,
          0.663386521723364,
          0.3295236774038533
        ],
        [
          0.0,
          0.0,
          0.0,
          0.9999999999999893
        ]
      ],
      "incoming_length": 0.01616147160530262,
      "axis": [
        0.13042936651092008,
        0.598208686319673,
        0.7906545060664939
      ],
      "limits": [
        -1.5,
        1.0
      ]
    },
    {
      "index": 15,
      "path": "root_x/spine_01_x/spine_02_x/spine_03_x/shoulder_r/arm_stretch_r/forearm_stretch_r/hand_r/index1_base_r",
      "name": "index1_base_r",
      "parent_index": 11,
      "parent_path": "root_x/spine_01_x/spine_02_x/spine_03_x/shoulder_r/arm_stretch_r/forearm_stretch_r/hand_r",
      "parent_name": "hand_r",
      "children": [
        "root_x/spine_01_x/spine_02_x/spine_03_x/shoulder_r/arm_stretch_r/forearm_stretch_r/hand_r/index1_base_r/index1_r"
      ],
      "child_names": [
        "index1_r"
      ],
      "local_xyz": [
        -0.013063818216323853,
        0.021870702505111694,
        -0.0007698535919189453
      ],
      "local_rpy": [
        0.04637075651204578,
        -8.984313608528842e-08,
        0.09384295574702954
      ],
      "world_xyz": [
        -0.18896584488059692,
        -0.017422327039286995,
        0.36585942096274254
      ],
      "world_rpy": [
        -0.8918663843912491,
        0.23596589672999993,
        1.5481423214312435
      ],
      "local_matrix": [
        [
          0.9955999255180359,
          -0.09360454976558685,
          0.004343539476394653,
          -0.013063818216323853
        ],
        [
          0.09370527416467667,
          0.9945297241210938,
          -0.04615020751953125,
          0.021870702505111694
        ],
        [
          8.940696716308594e-08,
          0.04635411500930786,
          0.998924970626831,
          -0.0007698535919189453
        ],
        [
          0.0,
          0.0,
          0.0,
          1.0000001192092896
        ]
      ],
      "world_matrix": [
        [
          0.022024420941864582,
          -0.6319203106625587,
          -0.7747196585225116,
          -0.18896584488059692
        ],
        [
          0.9720391215400197,
          -0.16766854210806464,
          0.16439713571045608,
          -0.017422327039286995
        ],
        [
          -0.23378216277470745,
          -0.7566788293903459,
          0.6105591818747496,
          0.36585942096274254
        ],
        [
          0.0,
          0.0,
          0.0,
          0.9999999999999893
        ]
      ],
      "incoming_length": 0.02548693094527555,
      "axis": [
        1.0,
        0.0,
        0.0
      ],
      "limits": [
        -0.45,
        0.45
      ]
    },
    {
      "index": 16,
      "path": "root_x/spine_01_x/spine_02_x/spine_03_x/shoulder_r/arm_stretch_r/forearm_stretch_r/hand_r/index1_base_r/index1_r",
      "name": "index1_r",
      "parent_index": 15,
      "parent_path": "root_x/spine_01_x/spine_02_x/spine_03_x/shoulder_r/arm_stretch_r/forearm_stretch_r/hand_r/index1_base_r",
      "parent_name": "index1_base_r",
      "children": [
        "root_x/spine_01_x/spine_02_x/spine_03_x/shoulder_r/arm_stretch_r/forearm_stretch_r/hand_r/index1_base_r/index1_r/index2_r"
      ],
      "child_names": [
        "index2_r"
      ],
      "local_xyz": [
        0.0,
        0.04183201491832733,
        -2.9802322387695312e-08
      ],
      "local_rpy": [
        -0.018911439966891503,
        -0.000822780033935159,
        0.09425574079879348
      ],
      "world_xyz": [
        -0.2154003216549821,
        -0.024436244893502188,
        0.33420600268722156
      ],
      "world_rpy": [
        -0.8938587775903782,
        0.30831954624598623,
        1.610881607861147
      ],
      "local_matrix": [
        [
          0.995560884475708,
          -0.09408390522003174,
          -0.0025987476110458374,
          0.0
        ],
        [
          0.0941162258386612,
          0.995384693145752,
          0.018748968839645386,
          0.04183201491832733
        ],
        [
          0.0008227825164794922,
          -0.01891028881072998,
          0.9998208284378052,
          -2.9802322387695312e-08
        ],
        [
          0.0,
          0.0,
          0.0,
          1.0
        ]
      ],
      "world_matrix": [
        [
          -0.038184728467611596,
          -0.6164257755638289,
          -0.7864859409160897,
          -0.2154003216549821
        ],
        [
          0.9520790602993126,
          -0.2614567342335071,
          0.1586979838025124,
          -0.024436244893502188
        ],
        [
          -0.3034577749207447,
          -0.7427372360232612,
          0.5968703800754777,
          0.33420600268722156
        ],
        [
          0.0,
          0.0,
          0.0,
          0.9999999999999893
        ]
      ],
      "incoming_length": 0.04183201491833795,
      "axis": [
        0.9551800845813493,
        -0.2959660675746539,
        0.005923922987517205
      ],
      "limits": [
        -1.6,
        0.0
      ]
    },
    {
      "index": 17,
      "path": "root_x/spine_01_x/spine_02_x/spine_03_x/shoulder_r/arm_stretch_r/forearm_stretch_r/hand_r/index1_base_r/index1_r/index2_r",
      "name": "index2_r",
      "parent_index": 16,
      "parent_path": "root_x/spine_01_x/spine_02_x/spine_03_x/shoulder_r/arm_stretch_r/forearm_stretch_r/hand_r/index1_base_r/index1_r",
      "parent_name": "index1_r",
      "children": [
        "root_x/spine_01_x/spine_02_x/spine_03_x/shoulder_r/arm_stretch_r/forearm_stretch_r/hand_r/index1_base_r/index1_r/index2_r/index3_r"
      ],
      "child_names": [
        "index3_r"
      ],
      "local_xyz": [
        7.450580596923828e-09,
        0.014229349792003632,
        0.0
      ],
      "local_rpy": [
        0.015109449042806951,
        -0.0008396236787543026,
        -0.13256294212230657
      ],
      "world_xyz": [
        -0.22417165992078536,
        -0.02815659712684392,
        0.323637332491364
      ],
      "world_rpy": [
        -0.9001021774479362,
        0.20352503673257322,
        1.5269107632356635
      ],
      "local_matrix": [
        [
          0.9912260174751282,
          0.1321473866701126,
          -0.0028291791677474976,
          7.450580596923828e-09
        ],
        [
          -0.13217498362064362,
          0.9911150932312012,
          -0.014865338802337646,
          0.014229349792003632
        ],
        [
